Stage2_FullExp_s: 5039.102055
Stage3_NoiseStudy_s: 2214.679780
TOTAL_s: 7262.549376
