Stage2_FullExp_s: 22127.195928
Stage3_NoiseStudy_s: 160.047842
TOTAL_s: 22287.245245
