Stage2_FullExp_s: 45542.086731
Stage3_NoiseStudy_s: 411.408630
TOTAL_s: 45959.343208
